anchor_year: 2018
n_pairs: 87
n_skipped: 36
median: 0.8018736933518539
iqr:
- 0.545643545169356
- 2.017114904860399
min: 0.26527129830386365
max: 8.778391579163221
leave_one_out_median_range:
- 0.7992634204044979
- 0.824203154611117
per_hub_median:
  YEG: 1.5781583211056305
  YHZ: 1.1989547670653253
  YOW: 0.6749310129467632
  YUL: 0.5882731632895619
  YVR: 0.8280558928277364
  YWG: 1.9362015289242298
  YYC: 1.27717209194645
  YYZ: 0.7784150035606467
growth_t100_2018_to_2024:
  YUL: 1.167893003155339
  YYZ: 0.9323016167917834
  YVR: 1.0278681650966686
  YYC: 1.164753991744502
  YHZ: 0.9663596605079238
  YEG: 0.9974622637361257
  YOW: 1.0344590739643167
  YWG: 1.0147032466482193
note: factor absorbs border, currency, survey-definition and model error; reported
  as a distribution, applied as per-hub median where n>=3 else national median
